ipv4_addresses: 172.31.27.146
OS: RedHat
Hostname: ip-172-31-27-146.ec2.internal
Java: java version "1.8.0_291"
Jboss_Version:             7.3.0.GA 
Time: 2021-09-27 14:23:40.486529
Time: 2021-09-27 14:25:50.894785
Time: 2021-09-27 14:26:35.425150
Time: 2021-09-27 14:35:42.816223
